1

⁴ 1

. 111. 11111. 18. num· 1. m

418 ' 0111111111 Declarat'. 85 1111ιί1.κ -Ι

1111.11.111111.4ο ὰ 111111111111. 4111111111 1111111 1111111. 11.
· 111111. 1111111111. 11111111. 1111111111 1.11. 3. 1111 111. 11 §pontiu ¹. ‘'din&
1111311111. 3.Ι 111 111. 1101111111. 111111111.1111111111111. 1. 1.
1131831111. 1.lib.5.'uovaeReeop. Pet. 11 11111. de 11111. q. 45. 111

¹ 111111111111111111111. 1111111111. 1. 1111111. 11111111. 1. 7. 11111.

1111111111 1. 11. ¹⁵· 11111. 11111. 38. 01111. 1. q 61411111. 1.
111111. 1 1. disp. 1ο. 6111111. 11]11111.1111111.1. 1. 1. 51. 11111111

“ 1111111111 11111. 11111111. 1111111111Τ11111111. 1. ·

. 111111111111111111 11111 1111111111.111411 motha& 1111111.

h 11111, 1111 11141111111111111111110111.’111111111 111 11141111 fnit
1111111111111111 1111111111]ἱῖ 1111111121111
1111111111 1. 6. 1111141111. ς.011111.1.4.6ο4 1, 1411... sm,

1 1 111. 1. 111. 1. q· 1111. 3. enum. 1111111.
1111111111.1.61.1.11. · s

† 11111111...1..),1111111111111111111 1. 1111111.
111111111111, 1111116111111. ἃ Mutum 1111111 1111111(ι111.1.1.

, 6ο4.1.116.111111111111111.

θ 1111111 1111 nundum. ω.) Vide 01111.ἰ14.1.1.1.6.11 11111.
1111111611ιί1. 11 111111111111111111111 101111. 11. 4. 6141, 3³0·

' ·λλλ 1111111· 0111111111) 11 111111 1111111 1111111111 1111111111 fit

1111111111 11111111, 11 111 111. 111. 11 01111111. 1111111111. 1 1111111111 11.
1111111111111111111111111111110111111111 1111111111. 511111. 11 11111.
113. 1011111111111111111111. 11111111. 11 1111111111 11 511111. 111·
1¹¹!- 1111. 11. 11111. 11. 11111111. 1. 111. 11. 111. edit. 111. 11 1111111.
11 1111. 1. 11111111111111111. 6. 111114. 111. 16. P. 11111. ,11 11111111.
ἃο11111.1111.’1.111.,17.1 14. 1111111. 11111111. 1. 111. 7. 1111. 2. 11 111,
111. 1. 111. 1. 1111111111. P. 511111. 1111111111. 411 11 3. 11111114.1>.1;11·
11111. ma. 1111111111. 1. 13. 11. 111111 1111111 ἃ venem 11111111
emit& q. 614. 1. ¹³¹· 111. Melinum 11 11111. 1111111. 111. 1. 1. 16.
1. 11. 11. ’

1 1.,1111111111, 111.)11111 111111111111 1111111111111111. 1.

1. 11. 11 1. 16. 11111111. 1111. ²·. 1111. 11111111 1, 18. 1. 111.

111111 111 11111111 1111111111111111111111111111111 11 1111111 1111111111. 11

, 111111 11111111 1111111111. ) 11111111111111111. 3.111.1.111.3ς.ᾱ

01111. 11111111. 1. 111. 11. 1111111111. 11411 11 ster. ὰ ctutu-
111 1111. 3. 1111. 11. 11111. 11. P. 1111111111011111.111 . 1. lib.

11111111. 161. 1111111111111 11111111, consummare 111111.

11111 111111111111111111111111 1 1111111 1111. 11 Mn. c· 11. 1111.
83. 01111111111111111. 1. 1. 1. 7. §- 2· 11111. 1. 1111111111111111·

’ 1111. 111111111114. 1111111. 11 1111. 111 11111111. n. 11111111,

· 1411111111111111. 1111111111. 111 1111. 1111111. eonem.

Lep. 1. 1. 11111111. 1111. 11 1111111. 1. 31. 1111. Deinde 1111111111· 11111.
11111111111111. 01111 111111, 111. 1. 1111. 5. ordin 11111111. 111. 1. 111
1111111111. lib. 11111 11111111. 1111. 1111111111. 1111111111.

11019

 

